-------------------------------------------------------------------
AIMBOT
Aob Code- "FF FF FF FF 00 00 00 00 00 00 00 00 00 00 00 00 00 00 00 00 00 00 00 00 00 00 00 00 00 00 00 00 00 00 00 00 00 00 00 00 00 00 00 00 00 00 00 00 00 00 00 00 00 00 00 00 00 00 00 00 00 00 00 00 00 00 00 00 FF FF FF FF 00 00 00 00 00 00 00 00 00 00 00 00 00 00 00 00 ?? ?? ?? ?? ?? ?? ?? ?? ?? ?? ?? ?? ?? ?? ?? ?? ?? ?? ?? ?? ?? ?? ?? ?? ?? ?? ?? ?? ?? ?? ?? ?? 00 00 00 00 00 00 00 00 00 00 00 00 00 00 A5 43"
Read-"0xB8"
Write-"0xB4"

-------------------------------------------------------------------
Sniper Scope
Search Code->"FF FF FF FF 08 00 00 60 00 0C 00 00 50 60 40 CD CC 8C 3F 8F C2 F5 3C CD CC E0 CC 3D 06 FA 00 00 10 0B 1A 00 00 00 00 00 00 09 00 00 0B 00 00 00 00 00 00 00 00 00 00 09 00 80 30 3F 33 33 6A 13 40 0F 20 07 A0 0C 0E 5A 20 1A 8A 1A 00 FA 03 3F 09 60 FA E0"
Replace Code->"FF FF FF E0 FF 08 00 00 00 00 00 60 40 40 CD CC 8C 3F 8F C2 F5 3C CD CC CC 0B 3D 06 80 04 00 00 00 00 30 00 00 3E 00 00 00 00 00 00 07 00 B0 00 00 00 00 4A 00 00 00 00 00 33 33 13 40 04 70 60 1A A0 7A D0 0B B0 DA 6A 9A BA 2A 30 08 AA 01 80 DA 06 70 10"
--------------------------------------------------------------------

-------------------------------------------------------------------
Sniper Aim
Search Code->"41 00 00 00 00 00 00 00 04 00 00 00 00 00 00 00 00 00 00 00 00 00 00 00 00 00 00 00 00 00 00 00 00 00 00 00 00 00 00 00 01 00 00 00 01 00 00 00 00 00 80 3F 00 00 00 00 00 00 80 3F"
Replace Code->"41 00 00 00 00 00 00 00 04 00 00 00 00 00 00 00 00 00 00 00 00 00 00 00 00 00 00 00 00 00 00 00 00 00 00 00 00 00 00 00 01 00 00 00 00 00 00 00 00 00 80 3F 00 00 00 00 00 00 80 3F"
--------------------------------------------------------------------

-------------------------------------------------------------------
Sniper Switch
Search Code->"01 00 00 00 00 00 80 3F 00 00 00 00 00 00 80 3F 00 00 00 00 00 ?? ?? ?? 00 00 00 00 FF FF FF FF 00 00 00 00 ?? ?? ?? ?? C8 00 00 00 00 00 00 00 00 00 00 00 00 00 00 00 00 00 00 00 05 00 00 00 01 00 00 00 B4 C8 D6 3F 01 00 00 00 00 00 00 00 B4 C8 D6 3F 00 00 00 00 B4 C8 D6 3F 00 00 80 3F 00 00 80 3F CD CC CC 3D 00 00 00 00 00 00 5C 43 00 00 90 42 00 00 B4 42 96 00 00 00 00 00 00 00 00 00 00 3F 00 00 80 3E 00 00 00 00 04 00 00 00 00 00 80 3F 00 00 20 41 00 00 34 42 01 00 00 00 01 00 00 00 00 00 00 00 00 00 00 00 00 00 80 3F 8F C2 35 3F 9A 99 99 3F 00 00 80 3F 00 00 00 00 00 00 80 3F 00 00 80 3F 00 00 80 3F 00 00 00 00 00 00 00 00 00 00 00 3F 00 00 00 00 00 00 40 3F 00 00 00 00 00 00 80 3F 00 00 80 3F 00 00 80 3F ?? ?? ?? ?? 01 00 00 00 0A D7 23 3C"
Replace Code->"01 00 00 00 00 00 80 3F 00 00 00 00 00 00 80 3F 00 00 00 00 00 ?? ?? ?? 00 00 00 00 FF FF FF FF 00 00 00 00 ?? ?? ?? ?? C8 00 00 00 00 00 00 00 00 00 00 00 00 00 00 00 00 00 00 00 05 00 00 00 01 00 00 00 B4 C8 D6 3F 01 00 00 00 00 00 00 00 B4 C8 D6 3F 00 00 00 00 B4 C8 D6 3F 00 00 80 3F 00 00 80 3F CD CC CC 3D 00 00 00 00 00 00 5C 43 00 00 90 42 00 00 B4 42 96 00 00 00 00 00 00 00 00 00 00 1A 00 00 80 1A 00 00 00 00 04 00 00 00 00 00 80 3F 00 00 20 41 00 00 34 42 01 00 00 00 01 00 00 00 00 00 00 00 00 00 00 00 00 00 80 3F 8F C2 35 3F 9A 99 99 3F 00 00 80 3F 00 00 00 00 00 00 80 3F 00 00 80 3F 00 00 80 3F 00 00 00 00 00 00 00 00 00 00 00 3F 00 00 00 00 00 00 40 3F 00 00 00 00 00 00 80 3F 00 00 80 3F 00 00 80 3F ?? ?? ?? ?? 01 00 00 00 0A D7 23 3C"
--------------------------------------------------------------------

-------------------------------------------------------------------
Aim Scope 2X
Search Code->"8F C2 F5 3C CD CC CC 3D 02 00 00 00 EC 51 B8 3D CD CC 4C 3F 00 00 00 00 00 00 A0 42 00 00 C0 3F 33 33 13 40 00 00 F0 3F 00 00 80 3F 01 00 00 00 00 00 00 00 00 47 47 92 00 00 00 00 FF FF FF FF 66 CC 03 00 F4 A5 03 00 F4 A5 03 00 FF FF FF FF 00 00 00 00 00 00 80 3F F2 A5 03 00 01 00 00 00 CD CC 8C 3F 33 33 93 3F 8F C2 F5 3C CD CC CC 3D 00 00 00 00 EC 51 B8 3D 00 00 80 3F 00 00 00 00 00 00 C8 42 00 00 A0 40 33 33 13 40 00 00 08 40 00 00 80 3F 01"
Replace Code->"8F C2 F5 3C Cd CC CC 3D 02 00 00 00 EC 51 B8 3d CD CC 4C 3F 00 00 00 00 00 00 A0 42 00 00 C0 3F 33 33 13 40 00 00 F0 3F 00 00 80 4F 01"
--------------------------------------------------------------------

-------------------------------------------------------------------
Aim Scope 4x
Search Code->"CC CC 3D 04 00 00 00 29 5C 8F 3D 00 00 00 3F 00 00 F0 41 00 00 48 42 00 00 00 3F 33 33 13 40 00 00 D0 3F 00 00 80 3F 01 00 00 00 00 00 C3 94 00 39 8B BD 00 00 00 00 2A 00 00 00 4D 00 54 00 48 00 41 00 53 00 48 00 2E 00 52 00 65 00 73 00 46 00 69 00 6C 00 65 00 4C 00 6F 00 61 00 64 00 65 00 72 00 2E 00 41 00 64 00 64 00 4C 00 6F 00 61 00 64 00 65 00 72 00 54 00 6F 00 4D 00 54 00 51 00 75 00 65 00 75 00 65 00 2E 00 20"
Replace Code->"CC CC 3D 04 00 00 00 29 5C 8f 3D 00 00 00 3F 00 00 F0 41 00 00 48 42 00 00 00 3F 33 33 13 40 00 00 D0 3F 00 00 80 4F 01"
--------------------------------------------------------------------

-------------------------------------------------------------------
Camera Left
Search Code->"00 00 00 00 00 00 80 40 00 00 00 00 00 00 00 00 00 00 80 BF 00 00 00 00 00 00 80 BF 00 00 00 00 00 00 00 00 00 00 80 3F 00 00 00 00 00 00 80 BF"
Replace Code->"00 00 00 00 00 00 80 3f 00 00 00 00 00 00 00 00 00 00 80 bf 00 00 00 00 00 00 80 bf 00 00 00 00 00 00 00 00 00 00 80 3f 00 00 00 00 00 00 00 00"
--------------------------------------------------------------------

-------------------------------------------------------------------
Camera Right
Search Code->"00 00 00 00 00 80 3F 00 00 00 00 00 00 00 00 00 00 80 BF 00 00 00 00 00 00 80 BF 00 00 00 00 00 00 00 00 00 00 80 3F 00 00 00 00 00 00 00 00 00 00 00 00 00 00 00 00 00 00 80 3F 00 00 00 00 00 00 00 00 00 00 80 BF 00 00 80 7F 00 00 80 7F 00 00 80 7F 00 00 80 FF"
Replace Code->"00 00 00 00 00 80 40 00 00 00 00 00 00 00 00 00 00 80 BF 00 00 00 00 00 00 80 BF 00 00 00 00 00 00 00 00 00 00 80 3F 00 00 00 00 00 00 00 00 00 00 00 00 00 00 00 00 00 00 80 3F 00 00 00 00 00 00 00 00 00 00 80 BF 00 00 80 7F 00 00 80 7F 00 00 80 7F 00 00 80 FF"
--------------------------------------------------------------------

-------------------------------------------------------------------
Fast Landing
Search Code->"00 00 00 00 00 00 80 3F 00 00 00 00 00 00 00 00 00 00 80 BF 00 00 00 00 00 00 80 BF 00 00 00 00 00 00 00 00 00 00 80 3F 00 00 00 00 00 00 00 00 00 00 00 00 00 00 00 00 00 00 80 3F 00 00 00 00 00 00 00 00 00 00 80 BF 00 00 80 7F 00 00 80 7F 00 00 80 7F 00 00 80 FF"
Replace Code->"00 00 00 00 00 00 FF 41 00 00 00 00 00 00 00 00 00 00 80 BF 00 00 00 00 00 00 80 BF 00 00 00 00 00 00 00 00 00 00 80 3F 00 00 00 00 00 00 00 00 00 00 00 00 00 00 00 00 00 00 80 3F 00 00 00 00 00 00 00 00 00 00 80 BF 00 00 80 7F 00 00 80 7F 00 00 80 7F 00 00 80 FF"
--------------------------------------------------------------------

-------------------------------------------------------------------
Glitch Fire
Search Code->"C0 41 00 00 10 C1 00 00 90 C1 00 00 70 41 01 00 00 00 00 00 C0 3F 00 00 00 3F 00 00 80 3F 00 00 80 3F"
Replace Code->"C0 41 00 00 10 C1 00 00 90 C1 00 00 70 41 01 00 00 00 00 00 C0 00 00 00 00 3C 00 00 80 3F 00 00 80 3F"
--------------------------------------------------------------------

-------------------------------------------------------------------
Speed Hack
Search Code->"01 00 00 00 02 2B 07 3D"
Replace Code->"01 00 00 00 92 E4 70 3D"
--------------------------------------------------------------------

-------------------------------------------------------------------
Female Fix
Search Code->"6D 00 00 00 F2 A9 06 06 D3 72 17 06 41 23 05 06 45 23 05 06 47 23 05 06 48 23 05 06 49 23 05 06 4A 23 05 06 4C 23 05 06 4D 23 05 06 4E 23 05 06 50 23 05 06 51 23 05 06 52 23 05 06 53 23 05 06 54 23 05 06 55 23 05 06 56 23 05 06 58 23 05 06 59 23 05 06 5A 23 05 06 5B 23 05 06 5C 23 05 06 84 65 14 06 86 65 14 06 87 65 14 06 88 65 14 06 89 65 14 06 8A 65 14 06 8B 65 14 06 8D 65 14 06 8E 65 14 06 91 65 14 06 92 65 14 06 93 65 14 06 95 65 14 06 96 65 14 06 97 65 14 06 98 65 14 06 99 65 14 06 9A 65 14 06 9C 65 14 06 9D 65 14 06 9E 65 14 06 9F 65 14 06 A0 65 14 06 A1 65 14 06 A2 65 14 06 A3 65 14 06 A4 65 14 06 A5 65 14 06 A6 65 14 06 A7 65 14 06 A8 65 14 06 C2 A7 23 06 C3 A7 23 06 C4 A7 23 06 A9 65 14 06 AC 65 14 06 AD 65 14 06 AE 65 14 06 78 B3 12 06 7F 65 14 06 71 23 05 06 72 23 05 06 B3 65 14 06 46 23 05 06 4F 23 05 06 85 65 14 06 9B 65 14 06 4B 23 05 06 57 23 05 06 8C 65 14 06 94 65 14 06 8F 65 14 06 AB 65 14 06 90 65 14 06"
Replace Code->"6D 00 00 00 F2 A9 06 06 D3 72 17 06 85 65 14 06 85 65 14 06 85 65 14 06 85 65 14 06 85 65 14 06 85 65 14 06 85 65 14 06 85 65 14 06 85 65 14 06 85 65 14 06 85 65 14 06 85 65 14 06 85 65 14 06 85 65 14 06 85 65 14 06 85 65 14 06 85 65 14 06 85 65 14 06 85 65 14 06 85 65 14 06 85 65 14 06 84 65 14 06 86 65 14 06 87 65 14 06 88 65 14 06 89 65 14 06 8A 65 14 06 8B 65 14 06 8D 65 14 06 8E 65 14 06 91 65 14 06 92 65 14 06 93 65 14 06 95 65 14 06 96 65 14 06 97 65 14 06 98 65 14 06 99 65 14 06 9A 65 14 06 9C 65 14 06 9D 65 14 06 9E 65 14 06 9F 65 14 06 A0 65 14 06 A1 65 14 06 A2 65 14 06 A3 65 14 06 A4 65 14 06 A5 65 14 06 A6 65 14 06 A7 65 14 06 A8 65 14 06 C2 A7 23 06 C3 A7 23 06 C4 A7 23 06 A9 65 14 06 AC 65 14 06 AD 65 14 06 AE 65 14 06 78 B3 12 06 85 65 14 06 85 65 14 06 72 23 05 06 85 65 14 06 85 65 14 06 85 65 14 06 85 65 14 06 85 65 14 06 85 65 14 06 57 65 14 06 8C 65 14 06 8F 65 14 06 8F 65 14 06 AB 65 14 06 AA 65 14 06"
--------------------------------------------------------------------

-------------------------------------------------------------------
Fast Fire
Search Code 1 ->"00 00 80 40 33 33 93 40 3D 0A F7 3F"
Replace Code 1 ->"00 00 80 40 00 00 80 40 CB D2 4D 3E"
Search Code 2 ->"02 2B 07 3D ?? ?? ?? ?? 02 2B 07 3D 00 00 00 00"
Replace Code 2 ->"08 39 75 3B"
--------------------------------------------------------------------
